{
	"metadata": {
		"version": "4.3",
		"type": "Object",
		"generator": "UnityThreeExporter"
	},
	"geometries": [
	],
	"materials": [
	],
	"object": {
		"uuid": "8d20c87a-6746-4916-9d7c-082e10aed344",
		"type": "Object3D",
		"name": "World",
		"matrix": [1,0,0,0,0,1,0,0,0,0,1,0,0,0,0,1],
		"children": [
			{
				"uuid": "5ca305a7-3235-4d50-b3d1-1b2fe48be2ed",
				"type": "Object3D",
				"name": "Player",
				"children": [
					{
						"uuid": "c906ae3c-7486-4d7e-9052-bbf817044824",
						"name": "Player_Collider",
						"type": "Object3D",
						"userData": {
						}
					},
					{
						"uuid": "df6c5289-253e-4c27-ae0d-1abeb774d253",
						"type": "Object3D",
						"name": "Player_Script",
						"userData": {
							"playerSpeed": 14,
							"type": "Script"
						}
					}
				],
				"matrix": [0,0,1,0,0,1,0,0,-1,0,0,0,0.4,0.66,-7.3,1]
			},
			{
				"uuid": "9aeb9c6d-869a-4d61-bec3-3c9f3f5b363f",
				"type": "Object3D",
				"name": "Armature",
				"matrix": [0,1,0,0,0,0,-1,0,-1,0,0,0,0.4,0.66,-7.3,1]
			},
			{
				"uuid": "f33106db-848c-4f14-b9b0-e68073750423",
				"type": "Object3D",
				"name": "Pelvis",
				"matrix": [0,-0.2421,0.9702,0,0,0.9702,0.2421,0,-1,0,0,0,0.4,1.5315,-7.3437,1]
			},
			{
				"uuid": "fd8c7799-8d3e-45da-a9bb-8d81652f27b1",
				"type": "Object3D",
				"name": "Stomach",
				"matrix": [0,0.0634,0.998,0,0,0.998,-0.0634,0,-1,0,0,0,0.4,1.7375,-7.2923,1]
			},
			{
				"uuid": "de5be0f0-e0c5-4bd3-b36b-9974c80bf239",
				"type": "Object3D",
				"name": "Chest",
				"matrix": [0,0.1841,0.9829,0,0,0.9829,-0.1841,0,-1,0,0,0,0.4,1.9493,-7.3057,1]
			},
			{
				"uuid": "16ec134b-ebb0-4c0a-9c0c-da5572e069d3",
				"type": "Object3D",
				"name": "Neck",
				"matrix": [0,-0.3288,0.9444,0,0,0.9444,0.3288,0,-1,0,0,0,0.4,2.1596,-7.3451,1]
			},
			{
				"uuid": "b8c43642-b8e1-45c5-ac05-476376157c2c",
				"type": "Object3D",
				"name": "Head",
				"matrix": [0,0,1,0,0,1,0,0,-1,0,0,0,0.4,2.2501,-7.3136,1]
			},
			{
				"uuid": "aa1d37bb-492c-4d9d-850c-d0f4a73ce15c",
				"type": "Object3D",
				"name": "Eye.l",
				"matrix": [-0.0001,-1,0.0099,0,0,0.0099,1,0,-1,0.0001,0,0,0.4333,2.3467,-7.2364,1]
			},
			{
				"uuid": "ae7f30cc-1d51-4ade-89b6-b7863f543627",
				"type": "Object3D",
				"name": "Eye.r",
				"matrix": [-0.0001,-1,0.0099,0,0,0.0099,1,0,-1,0.0001,0,0,0.3667,2.3467,-7.2364,1]
			},
			{
				"uuid": "089e8f83-47fe-4c29-bf59-adc659d1d3c2",
				"type": "Object3D",
				"name": "Jaw",
				"matrix": [0,-0.9965,-0.083,0,0,-0.083,0.9965,0,-1,0,0,0,0.4,2.2745,-7.2859,1]
			},
			{
				"uuid": "fd8ca7c4-21f5-4d7a-9735-2187643ca731",
				"type": "Object3D",
				"name": "Shoulder.l",
				"matrix": [0.2971,0.9549,0,0,0.9548,-0.2971,-0.0027,0,-0.0026,0.0008,-1,0,0.4607,2.1118,-7.3455,1]
			},
			{
				"uuid": "2afeae58-7162-4996-8613-a2defce5ff4b",
				"type": "Object3D",
				"name": "Arm.l",
				"matrix": [0.5504,0.8349,-0.0004,0,0.8349,-0.5504,0.0062,0,0.005,-0.0037,-1,0,0.5972,2.0693,-7.3459,1]
			},
			{
				"uuid": "61eeb88e-3738-40df-b790-f2e900873bc7",
				"type": "Object3D",
				"name": "Forearm.l",
				"matrix": [0.4191,0.9078,-0.0171,0,0.8929,-0.4087,0.1887,0,0.1643,-0.0944,-0.9819,0,0.8147,1.926,-7.3442,1]
			},
			{
				"uuid": "0801f9b0-3318-4a72-927c-9b7d7d15826a",
				"type": "Object3D",
				"name": "Hand.l",
				"children": [
					{
						"uuid": "81d8b966-eb58-4a4f-8343-e9845ba1bb99",
						"type": "Object3D",
						"name": "Hand.l_Script",
						"userData": {
							"flagAttack": "Player (FreeflowCombatSpace.FlagAttack)",
							"type": "Script"
						}
					}
				],
				"matrix": [0.4359,0.8994,0.0316,0,0.8951,-0.437,0.0888,0,0.0936,-0.0104,-0.9956,0,1.0183,1.8328,-7.3012,1]
			},
			{
				"uuid": "746e39fe-7742-46b5-9e32-6a9a20cf3229",
				"type": "Object3D",
				"name": "Index_Proximal.l",
				"matrix": [0.156,-0.1374,-0.9782,0,0.8206,-0.5333,0.2057,0,-0.5499,-0.8347,0.0296,0,1.1105,1.7812,-7.2587,1]
			},
			{
				"uuid": "10b0914b-88ac-4617-b0f4-65468a011519",
				"type": "Object3D",
				"name": "Index_middle.l",
				"matrix": [0.5,0.8638,0.0625,0,0.8604,-0.5036,0.0782,0,0.099,0.0146,-0.995,0,1.1432,1.76,-7.2505,1]
			},
			{
				"uuid": "7b116113-b4f7-49cd-81e4-033a091a334a",
				"type": "Object3D",
				"name": "Index_Distal.l",
				"matrix": [0.4916,0.8617,0.1255,0,0.8644,-0.5004,0.0497,0,0.1056,0.084,-0.9908,0,1.1687,1.7451,-7.2482,1]
			},
			{
				"uuid": "b7955a58-7714-49db-9a89-30a2ffbdfad8",
				"type": "Object3D",
				"name": "Little_Proximal.l",
				"matrix": [-0.0305,-0.0268,-0.9992,0,0.8834,-0.4684,-0.0144,0,-0.4676,-0.8831,0.0379,0,1.1147,1.7886,-7.3227,1]
			},
			{
				"uuid": "ab1c279c-5ab6-48f6-b06c-83349e6fe919",
				"type": "Object3D",
				"name": "Little_middle.l",
				"matrix": [0.5182,0.8532,0.059,0,0.854,-0.52,0.0187,0,0.0467,0.0407,-0.9981,0,1.1439,1.7731,-7.3232,1]
			},
			{
				"uuid": "8bf240b6-34ba-4d45-9f60-82a7883aa474",
				"type": "Object3D",
				"name": "Little_Distal.l",
				"matrix": [0.4742,0.8733,0.112,0,0.8775,-0.4791,0.0203,0,0.0714,0.0886,-0.9935,0,1.1682,1.7583,-7.3227,1]
			},
			{
				"uuid": "f9bde416-a001-448b-99fb-7b6c74ea4d5a",
				"type": "Object3D",
				"name": "Mfinger_Proximal.l",
				"matrix": [0.0805,-0.0897,-0.9927,0,0.857,-0.5024,0.1149,0,-0.509,-0.86,0.0365,0,1.1212,1.785,-7.2795,1]
			},
			{
				"uuid": "f29e6751-15e9-4f1f-94b5-1e6eed9c178c",
				"type": "Object3D",
				"name": "Mfinger_middle.l",
				"matrix": [0.5341,0.8428,0.0665,0,0.842,-0.5373,0.0476,0,0.0758,0.0305,-0.9967,0,1.1554,1.765,-7.2749,1]
			},
			{
				"uuid": "949af20b-cedb-43a9-80d1-da83e5747b0a",
				"type": "Object3D",
				"name": "Mfinger_Distal.l",
				"matrix": [0.5024,0.8553,0.1267,0,0.86,-0.5095,0.0291,0,0.0894,0.0943,-0.9915,0,1.1806,1.7489,-7.2735,1]
			},
			{
				"uuid": "72a9796e-e629-43ef-8376-1a5c5966cd61",
				"type": "Object3D",
				"name": "Ring_Proximal.l",
				"matrix": [0.016,-0.0516,-0.9985,0,0.8548,-0.5174,0.0404,0,-0.5188,-0.8542,0.0359,0,1.1207,1.7885,-7.3022,1]
			},
			{
				"uuid": "8f7a6329-f5f9-4336-92a2-b64a9ec43a08",
				"type": "Object3D",
				"name": "Ring_middle.l",
				"matrix": [0.5453,0.8356,0.0664,0,0.8354,-0.5482,0.0386,0,0.0687,0.0344,-0.997,0,1.1512,1.77,-7.3008,1]
			},
			{
				"uuid": "7e5cbbc7-50de-46aa-99df-ce79e4ef79ec",
				"type": "Object3D",
				"name": "Ring_Distal.l",
				"matrix": [0.5393,0.8325,0.1264,0,0.8421,-0.5338,-0.0773,0,0.0031,0.1482,-0.989,0,1.175,1.7544,-7.2997,1]
			},
			{
				"uuid": "42944ec7-47d3-4efb-b7bc-a7b72dabf73e",
				"type": "Object3D",
				"name": "Thumb_proximal.l",
				"matrix": [0.676,-0.41,-0.6123,0,-0.1957,-0.901,0.3873,0,-0.7105,-0.142,-0.6893,0,1.0467,1.8137,-7.2674,1]
			},
			{
				"uuid": "1c7d8142-26d3-467d-9458-37b6761e7b02",
				"type": "Object3D",
				"name": "Thumb_middle.l",
				"matrix": [0.6247,-0.0169,-0.7807,0,0.3331,-0.8985,0.286,0,-0.7062,-0.4387,-0.5557,0,1.0422,1.7928,-7.2585,1]
			},
			{
				"uuid": "c16f5f7e-7ed4-4399-8d66-6f5f0e4f6c1d",
				"type": "Object3D",
				"name": "Thumb_Distal.l",
				"matrix": [-0.84,-0.3817,-0.3856,0,0.3228,-0.9228,0.2101,0,-0.436,0.052,0.8984,0,1.0518,1.7669,-7.2502,1]
			},
			{
				"uuid": "597e8506-712d-4f67-852c-9fd7aa2629e2",
				"type": "Object3D",
				"name": "Shoulder.r",
				"matrix": [-0.2971,0.9547,0.0175,0,-0.9548,-0.2971,-0.0027,0,0.0026,-0.0176,0.9998,0,0.3393,2.1118,-7.3455,1]
			},
			{
				"uuid": "f091bb09-de82-4eda-aaaa-4803e475a909",
				"type": "Object3D",
				"name": "Arm.r",
				"matrix": [-0.5504,0.8347,-0.0185,0,-0.8349,-0.5504,0.0062,0,-0.005,0.0188,0.9998,0,0.2028,2.0693,-7.3459,1]
			},
			{
				"uuid": "d2fdf6b2-84eb-4a5c-b965-7d23f29006e9",
				"type": "Object3D",
				"name": "Forearm.r",
				"matrix": [-0.4191,0.6018,-0.6798,0,-0.8929,-0.4087,0.1887,0,-0.1643,0.6861,0.7087,0,-0.0147,1.926,-7.3442,1]
			},
			{
				"uuid": "d064378a-3e5c-4103-a18b-1f03e652b593",
				"type": "Object3D",
				"name": "Hand.r",
				"children": [
					{
						"uuid": "bc25dfd6-3803-4bad-8c03-a4e634ad9f59",
						"type": "Object3D",
						"name": "Hand.r_Script",
						"userData": {
							"flagAttack": "Player (FreeflowCombatSpace.FlagAttack)",
							"type": "Script"
						}
					}
				],
				"matrix": [-0.4359,0.8158,-0.38,0,-0.8951,-0.437,0.0888,0,-0.0936,0.3788,0.9207,0,-0.2183,1.8328,-7.3012,1]
			},
			{
				"uuid": "1993949b-959a-4db1-9109-2272cca90924",
				"type": "Object3D",
				"name": "Index_Proximal.r",
				"matrix": [-0.156,0.5552,0.817,0,-0.8206,-0.5333,0.2057,0,0.5499,-0.6383,0.5387,0,-0.3105,1.7812,-7.2587,1]
			},
			{
				"uuid": "3b761249-1eb9-4378-bc9f-7431f2294263",
				"type": "Object3D",
				"name": "Index_middle.r",
				"matrix": [-0.5,0.8042,-0.3215,0,-0.8604,-0.5036,0.0782,0,-0.099,0.3157,0.9437,0,-0.3432,1.76,-7.2505,1]
			},
			{
				"uuid": "5d84b66e-61f0-4fce-b089-372f925d49b0",
				"type": "Object3D",
				"name": "Index_Distal.r",
				"matrix": [-0.4916,0.8202,-0.2926,0,-0.8644,-0.5004,0.0497,0,-0.1056,0.2774,0.9549,0,-0.3687,1.7451,-7.2482,1]
			},
			{
				"uuid": "1c8798a4-2a7b-48e0-88fc-0276b3855a14",
				"type": "Object3D",
				"name": "Little_Proximal.r",
				"matrix": [0.0305,-0.0881,0.9956,0,-0.8834,-0.4684,-0.0144,0,0.4676,-0.8791,-0.0921,0,-0.3147,1.7886,-7.3227,1]
			},
			{
				"uuid": "41f744fb-b899-46ef-a9de-5afce2b91c29",
				"type": "Object3D",
				"name": "Little_middle.r",
				"matrix": [-0.5182,0.8468,-0.1203,0,-0.854,-0.52,0.0187,0,-0.0467,0.1124,0.9926,0,-0.3439,1.7731,-7.3232,1]
			},
			{
				"uuid": "17d382a0-8332-4269-a555-59e6c7eacea9",
				"type": "Object3D",
				"name": "Little_Distal.r",
				"matrix": [-0.4742,0.8606,-0.1856,0,-0.8775,-0.4791,0.0203,0,-0.0714,0.1725,0.9824,0,-0.3682,1.7583,-7.3227,1]
			},
			{
				"uuid": "073911b4-871d-4be8-885d-d12150e6a066",
				"type": "Object3D",
				"name": "Mfinger_Proximal.r",
				"matrix": [-0.0805,0.3506,0.9331,0,-0.857,-0.5024,0.1149,0,0.509,-0.7904,0.3409,0,-0.3212,1.785,-7.2795,1]
			},
			{
				"uuid": "ce92b37c-844f-4b1f-8905-cfee68f1fc34",
				"type": "Object3D",
				"name": "Mfinger_middle.r",
				"matrix": [-0.5341,0.818,-0.2136,0,-0.842,-0.5373,0.0476,0,-0.0758,0.2053,0.9758,0,-0.3554,1.765,-7.2749,1]
			},
			{
				"uuid": "f5ed1d44-cbc9-4a60-a7a5-c5cdac8843cf",
				"type": "Object3D",
				"name": "Mfinger_Distal.r",
				"matrix": [-0.5024,0.8353,-0.2232,0,-0.86,-0.5095,0.0291,0,-0.0894,0.2065,0.9743,0,-0.3806,1.7489,-7.2735,1]
			},
			{
				"uuid": "687c642b-5947-49fe-b221-fbec5b320b8a",
				"type": "Object3D",
				"name": "Ring_Proximal.r",
				"matrix": [-0.016,0.1041,0.9944,0,-0.8548,-0.5174,0.0404,0,0.5188,-0.8494,0.0972,0,-0.3207,1.7885,-7.3022,1]
			},
			{
				"uuid": "155d6947-6b86-431e-95eb-0020818f9d2a",
				"type": "Object3D",
				"name": "Ring_middle.r",
				"matrix": [-0.5453,0.818,-0.1829,0,-0.8354,-0.5482,0.0386,0,-0.0687,0.1739,0.9824,0,-0.3512,1.77,-7.3008,1]
			},
			{
				"uuid": "2785f500-5daf-40c6-af2a-d5f3f8bc6471",
				"type": "Object3D",
				"name": "Ring_Distal.r",
				"matrix": [-0.5393,0.8342,0.115,0,-0.8421,-0.5338,-0.0773,0,-0.0031,-0.1386,0.9903,0,-0.375,1.7544,-7.2997,1]
			},
			{
				"uuid": "b97e710e-a230-4f3e-9fe2-c5e94f4c35db",
				"type": "Object3D",
				"name": "Thumb_proximal.r",
				"matrix": [0.676,-0.1622,-0.7189,0,0.1957,-0.901,0.3873,0,-0.7105,-0.4025,-0.5773,0,-0.2467,1.8137,-7.2674,1]
			},
			{
				"uuid": "38fb4710-4289-4380-8254-2f2216caa3c8",
				"type": "Object3D",
				"name": "Thumb_middle.r",
				"matrix": [0.6247,-0.4375,-0.6468,0,-0.3331,-0.8985,0.286,0,-0.7062,0.0368,-0.707,0,-0.2422,1.7928,-7.2585,1]
			},
			{
				"uuid": "b6095f86-26b4-4bfb-9727-a72ae9fb9594",
				"type": "Object3D",
				"name": "Thumb_Distal.r",
				"matrix": [-0.84,0.1771,-0.5128,0,-0.3228,-0.9228,0.2101,0,-0.436,0.342,0.8324,0,-0.2518,1.7669,-7.2502,1]
			},
			{
				"uuid": "e536d205-5434-4522-bb64-7af86a0a87ae",
				"type": "Object3D",
				"name": "Thigh.l",
				"matrix": [0.9998,0.0183,-0.0018,0,0.0179,-0.9929,-0.1178,0,-0.0039,0.1178,-0.993,0,0.4931,1.5603,-7.3347,1]
			},
			{
				"uuid": "bbf3deb4-6e8f-4156-a8e0-8f0fb3e51b78",
				"type": "Object3D",
				"name": "Leg.l",
				"matrix": [0.9989,0.0462,0,0,0.0462,-0.9988,-0.018,0,-0.0009,0.018,-0.9998,0,0.5014,1.1056,-7.3886,1]
			},
			{
				"uuid": "01218ec0-d98c-4021-b6ca-a0ed339ca9fc",
				"type": "Object3D",
				"name": "Shoe.l",
				"children": [
					{
						"uuid": "ab4b70a7-7521-4f71-ac8c-01b29bc1587e",
						"type": "Object3D",
						"name": "Shoe.l_Script",
						"userData": {
							"flagAttack": "Player (FreeflowCombatSpace.FlagAttack)",
							"type": "Script"
						}
					}
				],
				"matrix": [0.0139,-0.9731,-0.2301,0,0.152,-0.2254,0.9623,0,-0.9883,-0.0484,0.1448,0,0.5196,0.7112,-7.3957,1]
			},
			{
				"uuid": "f4b7a375-33bd-48bf-9c5e-e3abb9f176ba",
				"type": "Object3D",
				"name": "Toe.l",
				"matrix": [0.0095,0.9999,-0.0107,0,0.2348,0.0082,0.972,0,0.972,-0.0117,-0.2347,0,0.5385,0.6832,-7.2763,1]
			},
			{
				"uuid": "4aa6a12b-a168-4f76-beef-ff2a2be19df1",
				"type": "Object3D",
				"name": "Thigh.r",
				"matrix": [0.9998,-0.0174,-0.006,0,-0.0179,-0.9929,-0.1177,0,-0.0039,0.1178,-0.993,0,0.3069,1.5603,-7.3347,1]
			},
			{
				"uuid": "a98a1256-3a09-4b28-8573-1dc8dcaeb4aa",
				"type": "Object3D",
				"name": "Leg.r",
				"matrix": [0.9989,-0.0461,-0.0017,0,-0.0461,-0.9988,-0.0179,0,-0.0009,0.018,-0.9998,0,0.2986,1.1056,-7.3886,1]
			},
			{
				"uuid": "d526b8bb-cca2-4d0b-89a4-53098eff2123",
				"type": "Object3D",
				"name": "Shoe.r",
				"children": [
					{
						"uuid": "a496787a-c23b-4371-9b7e-31832b407a88",
						"type": "Object3D",
						"name": "Shoe.r_Script",
						"userData": {
							"flagAttack": "Player (FreeflowCombatSpace.FlagAttack)",
							"type": "Script"
						}
					}
				],
				"matrix": [-0.0139,0.974,0.2259,0,-0.152,-0.2254,0.9623,0,0.9883,-0.021,0.1512,0,0.2804,0.7112,-7.3957,1]
			},
			{
				"uuid": "bc214d75-70dd-473f-82c0-9b3ea0b7725e",
				"type": "Object3D",
				"name": "Toe.r",
				"matrix": [0.0096,0.9999,-0.0062,0,-0.2347,0.0082,0.972,0,0.972,-0.0078,0.2348,0,0.2616,0.6832,-7.2763,1]
			},
			{
				"uuid": "2a144105-6edc-4347-b0c7-f6fffd04cdde",
				"type": "Object3D",
				"name": "HoodWarrior",
				"matrix": [0,1,0,0,0,0,-1,0,-1,0,0,0,0.4,1.66,-7.3,1]
			}
		]
	},
	"images": [
	],
	"textures": [
	]
}